simgod - [13.15, 41.82, 63.54, 62.79, 73.43, 76.64, 79.3, 81.55, 83.05, 84.39, 85.12, 85.48, 86.04, 86.39, 87.17, 87.55, 87.94, 88.22, 88.49, 88.59, 89.05, 89.13, 89.25, 89.46, 89.5, 89.57, 89.56, 89.79, 89.94, 89.88, 90.03, 90.18, 90.23, 90.32, 90.4, 90.53, 90.58, 90.52, 90.59, 90.71, 90.74, 90.74, 90.86, 90.99, 90.96, 90.94, 91.01, 91.18, 91.16, 91.28]
relu - [8.55, 83.52, 88.06, 89.53, 90.07, 90.62, 91.0, 91.4, 91.77, 92.13, 92.34, 92.7, 92.79, 93.05, 93.38, 93.59, 93.78, 93.88, 94.06, 94.17, 94.37, 94.62, 94.57, 94.69, 94.82, 94.94, 95.13, 95.16, 95.28, 95.32, 95.46, 95.49, 95.53, 95.61, 95.65, 95.7, 95.74, 95.81, 95.92, 95.99, 95.98, 96.05, 96.02, 96.16, 96.2, 96.18, 96.23, 96.28, 96.31, 96.35]

tnah - [13.56, 81.4, 86.72, 88.5, 89.57, 90.09, 90.8, 91.05, 91.47, 91.73, 91.91, 92.21, 92.4, 92.63, 92.78, 92.98, 93.19, 93.28, 93.39, 93.49, 93.67, 93.87, 93.98, 94.06, 94.17, 94.27, 94.35, 94.41, 94.46, 94.53, 94.68, 94.72, 94.85, 94.85, 94.89, 94.98, 95.02, 95.12, 95.12, 95.22, 95.18, 95.27, 95.31, 95.39, 95.46, 95.51, 95.49, 95.61, 95.66, 95.72]





0.1

[10.32, 18.08, 66.94, 86.75, 91.72, 94.15, 95.01, 96.04, 96.5, 96.98, 97.0, 97.17, 97.58, 97.68, 97.86, 97.91, 97.91, 98.1, 98.05, 98.18, 98.14, 98.29, 98.26, 98.36, 98.35, 98.39, 98.41, 98.41, 98.46, 98.48, 98.52, 98.51, 98.59, 98.57, 98.65, 98.51, 98.5, 98.55, 98.61, 98.62, 98.63, 98.59, 98.63, 98.6, 98.64, 98.65, 98.66, 98.71, 98.7, 98.77]
0.3
[10.1, 42.89, 77.1, 88.52, 91.5, 93.21, 94.32, 95.51, 95.84, 96.14, 96.45, 96.54, 96.78, 97.07, 97.19, 97.32, 97.28, 97.66, 97.74, 97.31, 97.59, 97.88, 97.99, 97.85, 97.99, 97.95, 97.93, 98.08, 98.03, 98.22, 98.3, 98.27, 98.37, 98.15, 98.21, 98.28, 98.35, 98.23, 98.37, 98.32, 98.47, 98.53, 98.45, 98.42, 98.15, 98.56, 98.49, 98.56, 98.62, 98.47]

0.5

[9.8, 28.69, 61.51, 76.11, 85.28, 88.6, 91.34, 93.21, 94.24, 94.64, 95.52, 95.68, 95.64, 96.28, 96.41, 96.72, 96.84, 96.83, 97.06, 97.26, 97.02, 97.26, 97.36, 97.44, 97.65, 97.62, 97.6, 97.74, 97.67, 97.59, 97.81, 97.87, 97.55, 97.83, 97.95, 97.97, 97.92, 98.13, 98.14, 98.02, 98.2, 98.11, 98.07, 98.17, 98.24, 97.98, 98.24, 98.24, 98.28, 98.25]

0.7

[10.28, 12.9, 29.95, 55.4, 69.92, 79.07, 82.91, 84.76, 86.67, 90.11, 90.47, 91.35, 92.41, 92.63, 93.35, 93.45, 93.94, 93.49, 94.72, 93.69, 94.23, 94.77, 94.47, 94.7, 95.3, 95.45, 95.58, 95.66, 95.84, 95.03, 95.84, 95.41, 95.63, 96.17, 95.49, 96.37, 95.89, 95.9, 96.21, 95.89, 96.2, 96.28, 95.58, 95.58, 96.0, 95.29, 96.54, 96.56, 96.48, 96.42]

0.9

[9.82, 14.06, 11.35, 11.35, 20.44, 21.51, 31.61, 43.6, 44.92, 51.48, 54.58, 52.4, 46.6, 44.28, 42.87, 46.13, 41.44, 43.81, 46.35, 47.2, 42.67, 44.4, 45.93, 42.12, 42.85, 44.73, 42.64, 44.61, 43.43, 43.81, 46.56, 44.21, 45.09, 47.95, 47.34, 46.41, 47.59, 48.13, 48.45, 47.73, 44.85, 47.99, 48.76, 46.91, 48.23, 48.96, 49.12, 48.17, 49.02, 49.17]


[9.74, 90.13, 95.2, 96.4, 97.3, 97.96, 97.88, 98.4, 98.26, 98.52, 98.61, 98.66, 98.7, 98.88, 98.79, 98.89, 98.87, 98.73, 98.81, 98.92, 98.95, 98.88, 98.87, 98.92, 98.98, 99.1, 98.99, 99.02, 98.96, 99.02, 99.02, 99.03, 99.06, 99.09, 99.11, 99.06, 99.1, 99.11, 99.06, 99.12, 99.12, 99.09, 99.07, 99.11, 99.11, 99.11, 99.13, 99.17, 99.07, 99.11]